100000
100

110000
100

120000
100

130000
100

140000
100

150000
100

160000
100

170000
100

180000
100

190000
100

200000
100

210000
100

220000
100

230000
100

240000
100

250000
100

260000
100

270000
100

280000
100

290000
100

300000
100

100000
200

110000
200

120000
200

130000
200

140000
200

150000
200

160000
200

170000
200

180000
200

190000
200

200000
200

210000
200

220000
200

230000
200

240000
200

250000
200

260000
200

270000
200

280000
200

290000
200

300000
200

100000
300

110000
300

120000
300

130000
300

140000
300

150000
300

160000
300

170000
300

180000
300

190000
300

200000
300

210000
300

220000
300

230000
300

240000
300

250000
300

260000
300

270000
300

280000
300

290000
300

300000
300

100000
400

110000
400

120000
400

130000
400

140000
400

150000
400

160000
400

170000
400

180000
400

190000
400

200000
400

210000
400

220000
400

230000
400

240000
400

250000
400

260000
400

270000
400

280000
400

290000
400

300000
400

100000
500

110000
500

120000
500

130000
500

140000
500

150000
500

160000
500

170000
500

180000
500

190000
500

200000
500

210000
500

220000
500

230000
500

240000
500

250000
500

260000
500

270000
500

280000
500

290000
500

300000
500

100000
600

110000
600

120000
600

130000
600

140000
600

150000
600

160000
600

170000
600

180000
600

190000
600

200000
600

210000
600

220000
600

230000
600

240000
600

250000
600

260000
600

270000
600

280000
600

290000
600

300000
600

100000
700

110000
700

120000
700

130000
700

140000
700

150000
700

160000
700

170000
700

180000
700

190000
700

200000
700

210000
700

220000
700

230000
700

240000
700

250000
700

260000
700

270000
700

280000
700

290000
700

300000
700

100000
800

110000
800

120000
800

130000
800

140000
800

150000
800

160000
800

170000
800

180000
800

190000
800

200000
800

210000
800

220000
800

230000
800

240000
800

250000
800

260000
800

270000
800

280000
800

290000
800

300000
800

100000
900

110000
900

120000
900

130000
900

140000
900

150000
900

160000
900

170000
900

180000
900

190000
900

200000
900

210000
900

220000
900

230000
900

240000
900

250000
900

260000
900

270000
900

280000
900

290000
900

300000
900

100000
1000

110000
1000

120000
1000

130000
1000

140000
1000

150000
1000

160000
1000

170000
1000

180000
1000

190000
1000

200000
1000

210000
1000

220000
1000

230000
1000

240000
1000

250000
1000

260000
1000

270000
1000

280000
1000

290000
1000

300000
1000

